180
277
459
303
270
376
290
266
495
349
374
330
308
352
334
243
482
331
290
258
253
260
310
283
511
150
481
196
298
182
320
216
440
458
742
271
441
419
401
383
255
392
269
296
246
248
248
260
500
238
297
405
321
296
293
276
573
166
329
365
336
631
330
337
203
514
553
324
385
282
223
323
343
292
607
290
390
578
299
319
438
295
327
450
218
324
388
360
276
254
254
279
184
318
239
282
267
411
434
279
374
303
245
298
184
333
444
272
278
233
341
267
340
292
292
358
369
315
266
318
475
286
280
294
171
304
334
288
148
322
205
250
245
227
325
192
266
507
371
235
309
300
305
393
258
246
428
290
342
193
347
223
280
381
245
223
213
250
338
251
280
176
403
314
319
309
263
309
304
107
459
322
160
319
291
271
205
220
498
338
296
413
351
272
256
194
462
287
235
275
311
303
290
150
151
216
325
324
207
170
218
443
352
260
242
257
358
397
320
164
477
275
282
244
277
319
308
521
175
364
158
241
344
333
389
130
370
226
251
401
241
241
340
525
548
328
456
346
349
367
248
134
496
250
364
334
246
191
182
237
360
255
214
264
285
198
463
161
242
287
352
251
359
406
154
347
425
232
268
362
164
291
436
218
184
312
195
218
270
263
475
280
269
294
348
237
338
376
217
379
509
260
373
245
177
315
299
309
274
386
219
228
298
280
198
434
271
266
240
265
339
267
438
496
177
250
302
216
313
184
187
221
432
267
143
248
301
253
273
295
555
365
212
280
333
312
241
412
219
331
182
242
345
358
284
251
465
234
231
226
315
264
315
279
391
302
319
326
282
321
258
498
203
296
333
202
342
228
444
215
327
264
319
496
287
262
305
534
191
306
252
279
325
279
334
281
228
280
346
201
302
224
460
262
224
311
179
329
331
234
338
223
284
301
255
252
319
244
550
338
417
289
218
248
350
380
340
314
404
338
250
282
338
308
442
470
346
373
301
278
234
234
356
363
210
237
305
189
308
189
576
322
203
360
227
371
308
348
184
384
234
292
159
292
276
223
311
196
225
220
319
307
280
183
195
378
307
370
175
231
253
214
374
387
387
196
292
193
363
223
392
204
258
234
129
242
286
218
619
229
610
299
491
287
196
334
479
131
255
212
312
440
230
271
431
210
452
295
357
287
247
314
233
466
267
210
275
387
158
307
246
322
226
262
218
320
273
200
497
246
433
232
271
347
380
278
476
185
407
365
230
231
317
309
298
202
545
288
353
379
273
338
253
284
440
292
235
350
269
250
145
316
263
280
349
246
316
402
408
285
216
338
299
252
317
219
474
187
294
331
311
315
360
388
253
401
198
392
166
251
332
288
